cue_word,association_word,cue_valence,associated_valence
chatgpt,ai,0,0
chatgpt,language model,0,0
class,school,0,1
class,education,0,1
biology,science,0,1
biology,life,0,1
society,community,0,0
society,culture,0,0
anxiety,stress,0,0
anxiety,worry,0,0
model,representation,0,0
model,simulation,0,0
lecture,teach,0,1
lecture,instruction,0,0
future,hope,0,1
future,possibility,0,0
art,creativity,1,1
art,expression,1,0
creativity,imagination,1,1
creativity,innovation,1,0
job,work,0,0
job,career,0,0
career,professionalism,0,0
career,growth,0,0
equation,mathematic,0,1
equation,problem - solve,0,0
student,learn,1,1
student,education,1,1
literature,story,0,0
literature,theme,0,0
music,sound,1,0
music,emotion,1,0
professor,mentor,0,0
professor,expertise,0,1
knowledge,information,1,0
knowledge,wisdom,1,0
mathematic,number,1,0
mathematic,logic,1,1
scientist,research,1,1
scientist,discovery,1,1
teamwork,collaboration,1,0
teamwork,cooperation,1,0
proof,evidence,1,0
proof,certainty,1,1
blackboard,chalk,0,0
blackboard,instruction,0,0
stem,science,1,1
stem,technology,1,1
ai,machine learn,0,0
ai,automation,0,0
experiment,research,0,1
experiment,learn,0,0
experiment,analysis,0,0
teacher,mentor,1,0
teacher,educator,1,0
teacher,guidance,1,0
llm,artificial intelligence,1,1
llm,machine learn,1,1
llm,language model,1,0
exam,assessment,0,0
exam,evaluation,0,0
exam,testing,0,-1
classroom,education,1,1
classroom,learn environment,1,0
classroom,student,1,0
failure,mistake,-1,0
failure,error,-1,0
failure,setback,-1,-1
logic,reasoning,1,0
logic,think,1,0
logic,analysis,1,0
number,mathematic,0,1
number,figure,0,0
number,quantity,0,0
datum,information,1,0
datum,fact,1,0
datum,statistic,1,0
informatic,compute,1,0
informatic,digital system,1,0
informatic,technology,1,0
success,achievement,1,0
success,accomplishment,1,0
success,win,1,0
problem - solve,critical thinking,1,0
problem - solve,solution find,1,0
problem - solve,strategy,1,0
theorem,principle,1,0
theorem,law,1,0
theorem,proof,1,0
chemistry,science,0,1
chemistry,reaction,0,0
chemistry,laboratory,0,-1
grade,evaluation,0,0
grade,score,0,0
grade,mark,0,0
science,research,1,0
science,knowledge,1,0
science,exploration,1,0
philosophy,think,0,0
philosophy,reasoning,0,0
philosophy,idea,0,0
homework,assignment,-1,-1
homework,study time,-1,-1
homework,practice,-1,-1
computation,calculation,0,0
computation,compute,0,0
computation,algorithmic thinking,0,-1
variable,factor,1,0
variable,parameter,1,0
variable,modifiable element,1,0
algorithm,process,1,0
algorithm,procedure,1,0
algorithm,methodology,1,0
study,learn,0,1
study,research,0,0
study,investigation,0,0
work,job,0,0
work,occupation,0,0
work,productivity,0,0
physics,natural science,1,0
physics,motion,1,0
physics,energy,1,0
history,past event,0,0
history,timeline,0,0
history,historical analysis,0,-1
