cue_word,association_word,cue_valence,associated_valence
science,research,0,0
science,discovery,0,1
chatgpt,ai,-1,0
chatgpt,conversation,-1,-1
logic,reasoning,0,0
class,learn,-1,0
class,peer,-1,-1
homework,study,-1,-1
mathematic,number,0,0
mathematic,formula,0,-1
knowledge,learn,1,0
knowledge,understand,1,1
grade,exam,-1,-1
chemistry,element,-1,-1
chemistry,reaction,-1,-1
literature,book,1,1
literature,story,1,1
music,melody,1,1
music,rhythm,1,1
creativity,innovation,1,1
informatic,technology,-1,0
failure,mistake,-1,-1
teamwork,collaboration,0,0
equation,math,-1,0
equation,solve,-1,-1
future,opportunity,0,1
classroom,teach,-1,-1
variable,change,-1,-1
teacher,educate,0,0
physics,motion,-1,-1
physics,energy,-1,0
study,learn,-1,0
art,expression,1,1
llm,language,-1,0
llm,model,-1,-1
stem,science,0,0
stem,technology,0,0
ai,robot,0,-1
ai,future,0,0
problem - solve,challenge,0,-1
problem - solve,solution,0,1
job,work,0,-1
job,stability,0,0
biology,life,0,1
biology,cell,0,0
history,past,-1,-1
history,event,-1,-1
society,people,0,0
society,community,0,1
blackboard,class,-1,-1
blackboard,teach,-1,0
student,learn,0,1
student,future,0,0
number,math,-1,-1
number,datum,-1,0
algorithm,code,0,0
algorithm,logic,0,0
datum,information,0,1
datum,analysis,0,0
anxiety,stress,-1,-1
anxiety,uncertainty,-1,-1
experiment,discovery,0,1
experiment,testing,0,0
philosophy,think,-1,0
philosophy,question,-1,0
proof,mathematic,0,0
proof,evidence,0,1
model,representation,0,-1
model,prediction,0,0
lecture,learn,-1,1
lecture,professor,-1,0
success,achievement,1,1
success,happiness,1,1
work,effort,-1,-1
work,productivity,-1,0
theorem,mathematic,0,0
theorem,proof,0,0
professor,teacher,0,1
professor,knowledge,0,1
scientist,research,1,1
scientist,discovery,1,1
career,growth,0,1
career,opportunity,0,1
exam,test,-1,-1
exam,stress,-1,-1
computation,calculation,-1,0
computation,technology,-1,0
