cue_word,association_word,cue_valence,associated_valence
classroom,desk,0,-1
classroom,teacher,0,0
model,car,1,1
biology,science,0,0
society,people,0,0
society,community,0,0
class,student,-1,0
music,melody,1,1
music,harmony,1,1
success,achievement,1,0
mathematic,number,0,-1
mathematic,equation,0,-1
chatgpt,ai,0,0
future,hope,0,1
informatic,compute,0,0
informatic,datum,0,-1
anxiety,stress,-1,-1
grade,score,-1,-1
study,learn,0,0
study,book,0,0
experiment,science,0,0
job,work,0,0
number,math,-1,-1
blackboard,classroom,-1,0
blackboard,teach,-1,0
exam,test,-1,-1
art,creativity,1,1
literature,book,0,0
literature,story,0,0
llm,language,0,0
datum,information,-1,0
algorithm,compute,0,0
work,effort,0,0
work,job,0,0
logic,math,0,0
logic,reason,0,0
teamwork,collaboration,1,1
equation,solve,0,0
equation,math,0,0
chemistry,element,0,0
chemistry,reaction,0,0
computation,calculate,0,-1
computation,datum,0,0
knowledge,learn,1,1
knowledge,wise,1,1
stem,science,0,0
stem,technology,0,0
problem - solve,challenge,0,-1
theorem,proof,0,0
theorem,math,0,0
career,job,1,0
career,growth,1,1
scientist,discover,1,1
ai,future,0,0
ai,intelligence,0,0
lecture,class,0,-1
lecture,learn,0,1
creativity,innovate,1,1
creativity,art,1,0
homework,study,-1,0
homework,assign,-1,-1
philosophy,think,0,0
philosophy,question,0,0
proof,verify,0,0
proof,theorem,0,0
history,past,0,0
history,event,0,0
variable,change,0,-1
variable,math,0,0
professor,teach,0,1
professor,wise,0,1
student,learn,0,1
student,school,0,0
physics,energy,0,0
physics,matter,0,0
science,experiment,1,0
science,discover,1,1
failure,loss,-1,-1
failure,learn,-1,1
teacher,guide,1,1
teacher,educate,1,1
