cue_word,association_word,cue_valence,associated_valence
equation,math,0,1
equation,solve,0,-1
physics,law,0,0
physics,energy,0,0
llm,learn,-1,1
llm,model,-1,0
teamwork,collaboration,1,1
teamwork,group,1,0
algorithm,code,-1,0
algorithm,logic,-1,0
biology,life,1,1
biology,cell,1,0
student,learn,0,1
student,study,0,-1
class,teach,-1,0
class,room,-1,-1
study,learn,1,1
study,focus,1,0
lecture,teach,-1,0
lecture,listen,-1,-1
work,job,0,1
work,effort,0,-1
proof,math,0,1
proof,verify,0,-1
model,simulate,0,0
model,predict,0,0
exam,test,-1,-1
exam,stress,-1,-1
scientist,research,1,1
scientist,discover,1,0
problem - solve,logic,1,0
problem - solve,solve,1,-1
experiment,test,0,-1
experiment,observe,0,0
literature,book,1,1
literature,story,1,0
career,job,1,1
career,growth,1,0
datum,information,0,0
datum,analyze,0,-1
classroom,learn,0,1
classroom,teach,0,0
logic,reasoning,0,0
logic,math,0,1
art,creative,1,1
art,beauty,1,1
job,work,0,-1
job,income,0,0
mathematic,number,1,1
mathematic,logic,1,0
teacher,learn,0,1
teacher,guidance,0,1
variable,change,-1,-1
variable,uncertainty,-1,-1
science,discovery,1,1
science,experiment,1,0
homework,study,-1,-1
homework,stress,-1,-1
success,achievement,1,1
success,happiness,1,1
history,past,0,-1
history,event,0,0
theorem,proof,0,1
theorem,mathematic,0,0
chemistry,reaction,0,-1
chemistry,element,0,0
informatic,datum,1,1
informatic,technology,1,1
computation,calculation,0,-1
computation,algorithm,0,0
failure,mistake,-1,-1
failure,disappointment,-1,-1
number,math,-1,0
number,quantity,-1,-1
grade,performance,-1,0
grade,evaluation,-1,-1
knowledge,learn,1,1
knowledge,understand,1,1
anxiety,stress,-1,-1
anxiety,worry,-1,-1
chatgpt,ai,0,1
chatgpt,assistant,0,0
blackboard,classroom,-1,0
blackboard,write,-1,-1
future,hope,0,1
future,uncertainty,0,-1
stem,science,1,1
stem,technology,1,1
creativity,innovation,1,1
creativity,art,1,0
society,people,0,0
society,community,0,0
professor,teacher,1,1
professor,expert,1,1
philosophy,think,0,0
philosophy,wisdom,0,1
music,rhythm,1,1
music,emotion,1,1
ai,technology,0,1
ai,future,0,0
