cue_word,association_word,cue_valence,associated_valence
experiment,science,1,1
experiment,curiosity,1,1
experiment,discovery,1,1
computation,math,0,0
computation,algorithm,0,0
computation,efficiency,0,1
lecture,teacher,-1,0
lecture,note,-1,-1
lecture,boredom,-1,-1
homework,stress,-1,-1
homework,time,-1,-1
homework,effort,-1,-1
mathematic,number,0,0
mathematic,logic,0,1
mathematic,challenge,0,-1
blackboard,classroom,-1,-1
blackboard,chalk,-1,-1
blackboard,lesson,-1,-1
success,achievement,1,1
success,reward,1,1
success,career,1,1
llm,technology,0,0
llm,future,0,0
llm,complexity,0,-1
logic,reason,1,1
logic,proof,1,1
logic,structure,1,0
number,math,0,0
number,precision,0,1
number,datum,0,0
art,paint,1,1
art,creativity,1,1
art,beauty,1,1
career,growth,1,1
career,job,1,1
career,stability,1,1
philosophy,think,-1,-1
philosophy,debate,-1,-1
philosophy,mean,-1,-1
creativity,art,1,1
creativity,innovation,1,1
creativity,freedom,1,1
stem,science,0,1
stem,math,0,0
stem,future,0,0
knowledge,learn,1,1
knowledge,wisdom,1,1
knowledge,growth,1,1
failure,mistake,-1,-1
failure,disappointment,-1,-1
failure,lesson,-1,-1
literature,book,0,0
literature,story,0,0
literature,cinema,0,0
problem - solve,logic,1,1
problem - solve,challenge,1,0
problem - solve,solution,1,1
music,melody,0,0
music,emotion,0,0
music,art,0,1
student,learn,-1,1
student,homework,-1,-1
student,school,-1,-1
science,experiment,1,1
science,knowledge,1,1
science,discovery,1,1
equation,math,0,0
equation,solution,0,1
equation,number,0,0
grade,evaluation,-1,-1
grade,success,-1,1
grade,stress,-1,-1
chatgpt,technology,0,0
chatgpt,ai,0,-1
chatgpt,help,0,1
theorem,proof,0,1
theorem,logic,0,0
theorem,math,0,-1
informatic,technology,-1,0
informatic,cod,-1,-1
informatic,datum,-1,0
society,change,-1,-1
society,inequality,-1,-1
society,community,-1,0
work,routine,0,-1
work,colleague,0,0
work,achievement,0,1
teamwork,collaboration,1,1
teamwork,success,1,1
teamwork,trust,1,1
study,effort,0,0
study,knowledge,0,1
study,exam,0,-1
history,lesson,0,0
history,past,0,-1
history,memory,0,0
algorithm,logic,-1,0
algorithm,solution,-1,0
algorithm,complexity,-1,-1
professor,knowledge,0,1
professor,respect,0,1
professor,lecture,0,-1
variable,change,-1,-1
variable,uncertainty,-1,-1
variable,equation,-1,-1
exam,stress,-1,-1
exam,preparation,-1,-1
exam,evaluation,-1,-1
biology,bore,-1,-1
biology,nature,-1,0
biology,cell,-1,-1
ai,future,-1,0
ai,innovation,-1,0
ai,fear,-1,-1
proof,evidence,1,1
proof,demonstration,1,0
proof,certainty,1,1
model,simulation,0,0
model,design,0,0
model,theory,0,-1
teacher,guidance,1,1
teacher,patience,1,1
teacher,education,1,1
future,hope,0,1
future,uncertainty,0,-1
future,opportunity,0,1
classroom,learn,0,1
classroom,noise,0,-1
classroom,student,0,-1
job,security,0,1
job,routine,0,-1
job,growth,0,0
anxiety,stress,-1,-1
anxiety,pressure,-1,-1
anxiety,fear,-1,-1
physics,complex,-1,-1
physics,theory,-1,-1
physics,equation,-1,-1
scientist,discovery,1,1
scientist,curiosity,1,1
scientist,experiment,1,0
class,education,-1,1
class,rule,-1,-1
class,mate,-1,0
chemistry,reaction,1,0
chemistry,lab,1,0
chemistry,favorite,1,1
datum,information,0,0
datum,analysis,0,-1
datum,number,0,-1
