cue_word,association_word,cue_valence,associated_valence
physics,motion,0,-1
physics,energy,0,0
physics,law,0,-1
success,achievement,1,1
success,reward,1,0
success,progress,1,0
chatgpt,assistant,0,0
chatgpt,language,0,0
chatgpt,tool,0,-1
professor,teacher,0,0
professor,expert,0,0
professor,mentor,0,1
chemistry,reaction,0,-1
chemistry,element,0,0
chemistry,bond,0,-1
science,discovery,1,1
science,method,1,0
science,truth,1,1
blackboard,teach,-1,0
blackboard,chalk,-1,-1
blackboard,board,-1,-1
problem - solve,solution,0,1
problem - solve,logic,0,0
problem - solve,challenge,0,-1
career,work,0,-1
career,growth,0,1
career,path,0,-1
literature,book,0,0
literature,story,0,0
literature,write,0,0
job,employment,-1,-1
job,income,-1,0
job,duty,-1,-1
variable,change,-1,-1
variable,unknown,-1,-1
variable,parameter,-1,-1
computation,calculation,0,-1
computation,processing,0,-1
computation,algorithm,0,0
exam,test,-1,-1
exam,stress,-1,-1
exam,evaluation,-1,-1
informatic,datum,0,0
informatic,system,0,-1
informatic,information,0,0
ai,intelligence,0,1
ai,machine,0,-1
ai,future,0,0
knowledge,understand,1,1
knowledge,wisdom,1,1
knowledge,learn,1,1
study,learn,0,1
study,effort,0,-1
study,focus,0,0
creativity,innovation,1,1
creativity,imagination,1,1
creativity,originality,1,1
grade,score,-1,-1
grade,assessment,-1,-1
grade,performance,-1,0
teamwork,collaboration,0,1
teamwork,cooperation,0,1
teamwork,group,0,-1
student,learner,0,1
student,education,0,1
student,youth,0,-1
theorem,proof,0,0
theorem,mathematic,0,0
theorem,truth,0,1
history,past,0,-1
history,event,0,-1
history,time,0,-1
lecture,presentation,-1,0
lecture,teach,-1,0
lecture,monologue,-1,-1
scientist,research,1,1
scientist,discovery,1,1
scientist,knowledge,1,1
society,community,0,1
society,culture,0,0
society,structure,0,-1
art,creativity,1,1
art,expression,1,1
art,beauty,1,1
proof,evidence,1,1
proof,truth,1,1
proof,verification,1,0
future,progress,0,1
future,potential,0,1
future,uncertainty,0,-1
music,harmony,1,1
music,emotion,1,0
music,rhythm,1,0
class,learn,0,1
class,education,0,1
class,group,0,-1
stem,science,1,1
stem,technology,1,1
stem,innovation,1,1
datum,information,1,1
datum,analysis,1,1
datum,pattern,1,0
model,representation,0,0
model,simulation,0,0
model,abstraction,0,-1
biology,life,1,1
biology,organism,1,0
biology,evolution,1,0
logic,reasoning,1,1
logic,consistency,1,0
logic,rule,1,-1
philosophy,wisdom,1,1
philosophy,question,1,0
philosophy,think,1,1
failure,mistake,-1,-1
failure,learn,-1,1
failure,setback,-1,-1
equation,balance,0,0
equation,mathematic,0,1
equation,solution,0,1
mathematic,precision,1,1
mathematic,pattern,1,0
mathematic,abstraction,1,-1
work,effort,0,-1
work,accomplishment,0,1
work,labor,0,-1
llm,language,1,1
llm,intelligence,1,1
llm,technology,1,1
teacher,guidance,1,1
teacher,knowledge,1,1
teacher,mentor,1,1
homework,practice,-1,0
homework,assignment,-1,-1
homework,study,-1,0
classroom,learn,0,1
classroom,environment,0,-1
classroom,student,0,0
anxiety,stress,-1,-1
anxiety,worry,-1,-1
anxiety,fear,-1,-1
experiment,test,1,0
experiment,discovery,1,1
experiment,method,1,0
number,quantification,0,0
number,measurement,0,0
number,mathematic,0,1
algorithm,procedure,1,-1
algorithm,computation,1,1
algorithm,efficiency,1,1
