cue_word,association_word,cue_valence,associated_valence
success,accomplish,0,1
success,reward,0,0
career,future,0,0
career,growth,0,0
grade,score,-1,-1
grade,test,-1,-1
grade,performance,-1,0
knowledge,learn,1,0
knowledge,understand,1,1
exam,stress,-1,-1
exam,pressure,-1,-1
physics,math,0,0
physics,science,0,1
science,discovery,1,1
science,research,1,0
chatgpt,ai,0,-1
chatgpt,tech,0,0
stem,engineer,0,0
stem,cod,0,0
datum,number,0,0
datum,analysis,0,0
class,teacher,0,0
class,lesson,0,0
equation,logic,0,0
equation,formula,0,-1
philosophy,think,0,1
philosophy,idea,0,0
work,job,0,-1
work,effort,0,0
anxiety,worry,-1,-1
anxiety,stress,-1,-1
model,theory,0,0
model,predict,0,0
classroom,study,0,0
classroom,lecture,0,-1
future,tomorrow,0,-1
future,possibility,0,0
number,math,0,0
number,logic,0,0
proof,valid,1,1
proof,evidence,1,0
society,people,0,0
society,community,0,0
art,creative,1,1
art,culture,1,0
informatic,code,0,-1
informatic,system,0,0
lecture,talk,0,-1
lecture,teach,0,0
study,learn,0,1
study,research,0,0
mathematic,abstraction,0,0
mathematic,pattern,0,1
llm,code,-1,0
llm,generation,-1,0
llm,learn,-1,0
job,work,0,0
job,purpose,0,1
computation,logic,0,1
computation,calculate,0,0
student,learn,0,1
student,academic,0,0
literature,word,0,0
literature,story,0,1
teacher,guide,0,1
teacher,knowledge,0,1
teamwork,collaboration,0,1
teamwork,group,0,0
theorem,proof,0,0
theorem,truth,0,1
variable,change,0,-1
variable,value,0,0
chemistry,molecule,0,0
chemistry,reaction,0,1
algorithm,step,-1,0
algorithm,rule,-1,0
professor,lecture,0,1
professor,expert,0,1
experiment,test,0,-1
experiment,datum,0,0
music,sound,0,0
music,art,0,1
creativity,invention,1,1
creativity,idea,1,0
biology,life,0,0
biology,organism,0,0
failure,mistake,-1,-1
failure,challenge,-1,0
ai,intelligence,-1,0
ai,automation,-1,0
scientist,research,0,1
scientist,science,0,0
problem - solve,logic,0,1
problem - solve,challenge,0,0
homework,study,-1,0
homework,assignment,-1,0
logic,reasoning,1,0
logic,rule,1,0
history,past,-1,0
history,event,-1,0
blackboard,teach,0,1
blackboard,whiteboard,0,0
