cue_word,association_word,cue_valence,associated_valence
literature,book,0,1
literature,poetry,0,0
grade,school,-1,-1
grade,performance,-1,-1
stem,science,0,1
stem,technology,0,0
history,past,-1,-1
history,event,-1,-1
homework,study,-1,-1
homework,assignment,-1,-1
science,research,1,0
science,discovery,1,1
creativity,art,1,1
creativity,innovation,1,1
scientist,researcher,0,0
scientist,lab,0,-1
proof,evidence,-1,0
proof,mathematic,-1,-1
biology,life,1,1
biology,cell,1,0
variable,change,-1,-1
variable,datum,-1,0
teamwork,collaboration,1,1
teamwork,group,1,0
philosophy,think,0,-1
philosophy,ethic,0,0
experiment,test,0,-1
experiment,lab,0,-1
equation,math,-1,-1
equation,formula,-1,-1
classroom,student,-1,0
classroom,learn,-1,1
chemistry,reaction,0,-1
chemistry,element,0,0
class,student,-1,0
class,subject,-1,-1
theorem,proof,-1,-1
theorem,mathematic,-1,-1
job,work,0,0
job,career,0,1
career,growth,1,1
career,success,1,1
blackboard,teach,-1,0
blackboard,chalk,-1,-1
study,learn,1,1
study,book,1,1
informatic,computer,0,0
informatic,datum,0,0
knowledge,learn,1,1
knowledge,wisdom,1,1
success,achievement,1,0
success,happiness,1,1
success,pride,1,0
professor,knowledge,0,1
professor,lecture,0,-1
professor,research,0,0
llm,learn,0,0
llm,model,0,-1
llm,neural,0,-1
teacher,education,1,1
teacher,mentor,1,0
teacher,classroom,1,-1
problem - solve,logic,0,-1
problem - solve,creativity,0,1
problem - solve,challenge,0,-1
exam,stress,-1,-1
exam,study,-1,-1
exam,grade,-1,0
mathematic,number,-1,-1
mathematic,logic,-1,-1
mathematic,difficult,-1,-1
physics,law,0,1
physics,experiment,0,0
physics,complex,0,-1
model,simulation,-1,0
model,prediction,-1,1
model,theory,-1,-1
failure,disappointment,-1,-1
failure,learn,-1,0
failure,recovery,-1,-1
ai,technology,0,1
ai,future,0,0
ai,ethic,0,-1
society,community,0,1
society,change,0,-1
society,progress,0,0
logic,reasoning,0,1
logic,structure,0,0
logic,puzzle,0,-1
lecture,learn,-1,0
lecture,boredom,-1,-1
lecture,note,-1,-1
art,creativity,1,1
art,expression,1,0
art,beauty,1,1
anxiety,stress,-1,-1
anxiety,worry,-1,-1
anxiety,uncertainty,-1,-1
datum,information,0,1
datum,analysis,0,0
datum,number,0,-1
student,learn,0,0
student,exam,0,-1
student,future,0,0
work,effort,-1,-1
work,productivity,-1,1
work,stress,-1,-1
computation,calculation,0,-1
computation,algorithm,0,0
computation,datum,0,0
algorithm,logic,0,0
algorithm,solution,0,1
algorithm,code,0,-1
chatgpt,ai,0,0
chatgpt,conversation,0,1
chatgpt,helpful,0,1
music,rhythm,1,1
music,emotion,1,0
music,harmony,1,1
number,math,-1,-1
number,datum,-1,0
number,pattern,-1,0
future,hope,0,1
future,uncertainty,0,-1
future,progress,0,0
